  -0.560474
  0.323425
  -1.50006
  -0.0040789
  -0.476116
  -0.451096
  -1.29651
  0.0947183
  -1.37891
  0.149834
  -0.444907
  -1.94944
  -2.21637
  -1.84364
  -1.1471
  -0.570511
  0.458598
  -0.022231
  0.82904
  0.517096
  2.01312
  2.78284
  1.48946
  0.869412
  2.31209
  1.64028
  0.966961
  2.11279
  0.286169
  1.11222
  1.46206
  2.10092
  1.49883
  0.864504
  -1.1572
  -0.144437
  -0.914942
  0.548408
  1.34859
  -0.161814
  -0.228065
  0.573712
  -0.726872
  -0.10056
  -0.387463
  -0.7574
  -0.173744
  1.83523
  3.70138
  1.33828
  1.48437
  0.791768
  0.500434
  1.84089
  0.373923
  0.962517
  -0.151229
  -1.26998
  -1.1074
  -0.122933
  1.96497
  1.55538
  1.95415
  1.25006
  2.58631
  1.79387
  1.44906
  1.40106
  2.29765
  1.26913
  1.90804
  1.81458
  2.80521
  0.848345
  2.43814
  2.61792
  1.33672
  0.217306
  2.74596
  3.05973
  3.93399
  2.43873
  2.15068
  0.992145
  0.65285
  1.755
  1.83653
  1.01476
  -0.789399
  -0.48725
  -0.469923
  -0.846673
  -1.3842
  -0.364161
  -2.04441
  -1.88291
  -1.50672
  -1.75425
  -1.55773
  -1.11003
  0.0832791
  0.492012
  1.86848
  0.508653
  -0.858871
  0.243361
  2.41858
  1.49055
  -0.595954
  -0.152525
  -0.76676
  0.511764
  0.246831
  -0.819377
  0.00354762
  1.44541
  0.956692
  -0.273402
  -0.817353
  -1.3773
  -1.76111
  0.229425
  1.30221
  1.49085
  -0.0185962
  -1.53126
  -1.99216
  -0.17857
