  -2.77429
  -2.90405
  -4.04271
  -4.61672
  -2.16166
  -1.16783
  -1.82143
  -0.822144
  -1.11282
  -0.407029
  -1.21636
  -0.769983
  1.53986
  -0.115695
  -0.338587
  -0.222078
  -0.259376
  0.401478
  0.376378
  0.447538
  -1.09064
  1.29976
  -0.580548
  -1.68289
  -0.803734
  -0.493926
  -0.753085
  -0.897957
  -0.78282
  0.697745
  0.368351
  -1.4893
  -2.69467
  -1.30051
  -1.43311
  -0.199136
  -0.588264
  -0.463977
  -0.269664
  -0.415224
  -1.15271
  -1.34508
  0.350517
  0.422058
  -1.15604
  -1.67529
  -2.02263
  -2.27854
  -1.33172
  -3.37601
  -1.76304
  -2.59848
  -3.11413
  -1.90199
  -2.08446
  -1.65834
  -3.10157
  -2.23188
  -0.961566
  -0.365262
  -0.38481
  0.780538
  0.771961
  -0.316869
  -0.84257
  -1.44671
  -0.270718
  0.934797
  0.55338
  -0.0538691
  0.150321
  -0.0443634
  0.0861742
  -1.49528
  -0.939331
  0.127984
  0.61904
  0.932747
  -0.0313489
  1.6336
  0.999304
  0.891122
  2.62254
  2.15014
  2.62396
  2.18542
  2.35258
  1.89852
  2.15351
  -0.326802
  0.487387
  1.60182
  0.383979
  0.175599
  1.51912
  2.15748
  0.798061
  1.65633
  2.81577
  1.36148
  2.47727
  3.28024
  5.01204
  2.93188
  2.51986
  3.01112
  1.88033
  0.581973
  1.02801
  -0.191363
  0.693004
  2.21261
  0.455032
  -0.532859
  0.540327
  2.01501
  2.02516
  2.17118
  3.23389
  1.70242
  1.81919
  1.50851
  1.39791
  0.973467
  -0.335819
  1.35048
  -0.463494
  -0.196654
