  0.537516
  -0.133992
  0.823935
  1.28068
  -0.157948
  0.051542
  0.98808
  0.257577
  0.141354
  0.0297445
  0.550894
  0.960276
  0.899476
  3.61265
  1.0123
  0.269452
  -0.520369
  -0.0876913
  0.0979686
  -1.38106
  -0.231518
  0.849658
  0.836905
  1.94756
  1.36032
  -0.35307
  -0.71497
  0.101505
  0.341297
  0.577617
  0.101918
  -0.313742
  -0.0511918
  -0.918254
  -0.0287531
  -1.24997
  -0.802147
  0.526762
  -0.292563
  1.20356
  0.652769
  0.713725
  0.0837936
  1.5266
  0.588496
  0.0184741
  1.04529
  0.75598
  -0.881063
  -0.26095
  -0.498251
  -1.31941
  -0.232435
  0.396762
  1.14298
  0.391713
  2.10793
  1.00029
  0.369943
  0.631711
  0.147165
  -1.26688
  0.153582
  1.35114
  1.66244
  0.358236
  0.724009
  -0.809027
  -0.429818
  -1.54489
  -0.437065
  -0.503122
  -0.664449
  -0.580175
  -0.203109
  1.09041
  0.338637
  2.17052
  2.44756
  1.81412
  0.258803
  1.04009
  -1.22201
  0.359834
  0.0623889
  -0.66
  0.184002
  -1.12591
  0.865351
  -1.00802
  -0.13518
  -0.308454
  0.0594143
  1.22762
  -0.868546
  0.115044
  -2.28108
  -1.00958
  0.0907076
  0.955966
  0.754309
  -0.538529
  0.787781
  -1.15601
  0.0339604
  0.362799
  -0.7118
  -0.308254
  -0.299134
  0.709588
  -0.732294
  -0.516444
  0.883088
  -0.169728
  0.300077
  -0.530688
  1.05187
  0.96013
  -0.566139
  -0.921141
  0.501321
  -1.07672
  -0.31054
  -0.00660193
  -1.01785
  0.581421
  -0.325442
  1.76637
