  -0.0781801
  0.0226122
  0.195976
  -0.323092
  1.44821
  1.29941
  -0.37738
  -0.249416
  -0.641785
  -0.15266
  -0.820814
  0.810724
  0.109915
  1.07209
  -1.06008
  -1.25495
  -0.649581
  -0.689734
  -0.0477457
  0.395584
  -1.54893
  -0.457083
  0.509439
  0.507962
  0.283739
  -1.6967
  -0.987111
  -0.019933
  0.0120403
  -0.106431
  -0.0587683
  0.593445
  -0.473291
  -0.618375
  0.898226
  -1.40441
  -0.0680032
  -0.468593
  -0.0934381
  -1.00835
  2.11724
  -0.110051
  0.241845
  0.396411
  -0.35468
  -0.108437
  0.18915
  -0.0576751
  0.221745
  1.901
  0.624963
  0.329055
  0.264199
  1.00714
  -0.746955
  -0.964885
  -0.734553
  0.658731
  -1.03966
  0.671187
  0.514894
  0.0985937
  -0.750666
  0.0668589
  0.954323
  -0.964815
  0.0344084
  -1.24925
  0.851479
  -0.437792
  -1.94042
  -0.605572
  -0.00658357
  0.439741
  0.0129598
  0.0282424
  -0.539655
  0.435951
  -0.106675
  -0.0675432
  1.58541
  0.533232
  -1.52232
  -1.38174
  -0.442505
  0.0506393
  0.291112
  -0.54014
  -0.496144
  1.1071
  0.505529
  -1.39885
  -0.422613
  1.0718
  -0.177955
  1.01677
  0.231405
  1.2897
  1.39307
  -1.15486
  -2.09918
  0.343187
  -0.470184
  -0.00665561
  0.0695337
  0.608525
  -1.0703
  -1.19617
  1.11269
  -0.974352
  -0.185506
  -1.11685
  1.24128
  -0.122578
  -1.08348
  0.537032
  -0.733967
  -0.62844
  -0.224901
  -0.294205
  0.378081
  1.68237
  -1.03612
  -1.68686
  -0.912499
  -2.63603
  1.13802
  -0.405009
