  -0.683279
  -1.41435
  -1.4556
  0.0776706
  -1.68041
  -1.19368
  -2.40067
  -2.28153
  -0.0819226
  -1.60054
  -1.20417
  0.155147
  -1.18899
  -0.37238
  -1.33293
  -1.02698
  -0.494385
  -0.761135
  0.461504
  -0.175636
  0.0147905
  1.1148
  0.985874
  -0.828457
  -2.08412
  -0.58172
  2.47204
  -0.473637
  1.00976
  0.236743
  -1.4647
  -1.67742
  -1.45535
  -0.691877
  -0.645475
  0.545754
  2.18793
  1.48017
  1.72698
  2.5276
  0.748003
  0.483316
  0.837478
  0.630991
  1.91422
  1.4098
  1.18324
  0.791018
  -1.6387
  -0.425808
  0.399472
  1.00917
  -1.38519
  -1.47132
  -1.15512
  -0.403211
  1.23249
  0.0299279
  0.992919
  -0.473565
  -0.283906
  -1.77438
  -0.820956
  -0.200056
  1.03107
  1.20219
  1.15024
  1.45667
  0.751769
  2.24987
  0.416532
  1.8191
  0.705731
  2.33024
  1.07523
  1.94426
  2.50166
  1.82016
  1.37903
  -0.342221
  -0.0495082
  0.791172
  0.634472
  1.59172
  1.91018
  -2.3841
  -1.83106
  -0.818254
  -0.297633
  -1.07958
  -1.42375
  -0.970238
  -0.54371
  -0.232723
  -0.614535
  0.578776
  -0.231634
  -1.46375
  0.131915
  -0.00219927
  -1.06454
  -0.0480945
  0.00687681
  0.217271
  -0.321548
  -2.47609
  -1.43244
  -1.13971
  0.575879
  0.681753
  -1.07904
  -0.9081
  0.130668
  0.994762
  1.26897
  1.56614
  0.838722
  1.87829
  -0.465468
  0.261495
  1.56335
  1.10843
  0.864491
  0.781366
  0.849559
  0.54712
  2.40635
  1.97397
