  0.64422
  -0.153795
  0.453411
  -0.604024
  1.0968
  -0.890943
  0.45899
  -0.00523895
  -0.194879
  -0.737212
  -1.85416
  -1.83943
  -0.0226444
  -1.09348
  0.589277
  -0.271075
  -0.850085
  -1.10418
  -0.504138
  -1.00793
  -1.00726
  -0.26139
  -0.937922
  -1.43542
  0.318685
  -0.330022
  -0.844053
  -0.495919
  -0.245854
  0.258055
  -1.15926
  1.16967
  -0.452328
  -0.345646
  0.794697
  0.229363
  -0.281629
  -1.04143
  1.0967
  -0.324533
  1.28763
  1.11732
  -0.0125234
  0.180622
  -0.457615
  1.6161
  -1.0015
  0.415243
  -0.639545
  -0.586711
  -1.1865
  -0.788225
  -0.0768111
  -1.18351
  -0.350703
  0.56132
  0.288919
  -0.797887
  -1.45497
  0.194026
  -0.148589
  0.312069
  -1.12613
  -2.2412
  -1.28795
  -1.28789
  -1.76876
  0.295904
  -0.266736
  0.142801
  0.790619
  -0.0325768
  -0.60341
  -2.23509
  -2.34433
  -0.794839
  0.232251
  1.16726
  -0.707239
  -0.418099
  0.814106
  -0.233226
  -0.361812
  0.00566169
  0.000748969
  1.03945
  -1.18189
  -0.33531
  0.833345
  1.33195
  -1.42504
  -1.12548
  0.67332
  -0.579741
  0.753039
  -0.090983
  -0.984646
  -1.23366
  -1.34191
  -0.860191
  0.223821
  1.86543
  -0.320496
  1.19092
  -0.184107
  1.02914
  -0.276675
  0.402653
  0.0806998
  -0.105202
  0.550968
  -1.04601
  2.83679
  0.262898
  0.402362
  -0.818377
  0.639109
  -1.11873
  -0.699981
  0.0618297
  2.50118
  0.495708
  -1.16509
  -0.405143
  0.963995
  -0.673749
  0.149967
  -1.12708
