  0.471142
  2.52351
  -0.275445
  1.18424
  2.16756
  2.14499
  0.237616
  0.348906
  -0.282054
  -2.12215
  -0.962414
  -0.982331
  -0.288163
  0.537103
  0.160029
  1.31595
  -0.160932
  0.629685
  -0.650084
  0.91593
  -0.126418
  0.309095
  0.627977
  -0.130671
  -0.862899
  -1.14962
  0.414829
  0.645171
  0.518903
  -0.41803
  1.82508
  0.134648
  1.62464
  1.22543
  0.501556
  1.88157
  0.948973
  1.01536
  1.05037
  1.67106
  2.94161
  2.07307
  -0.101404
  1.90188
  2.07328
  2.32021
  2.16866
  0.758736
  1.98171
  -0.990097
  -1.25497
  -0.84812
  0.0367215
  0.808418
  0.437228
  0.922758
  0.333008
  -0.0372085
  1.30986
  1.17462
  1.09556
  -0.335136
  -0.960113
  1.39988
  1.34756
  3.16854
  2.73004
  1.42493
  0.720492
  1.20052
  0.857777
  2.07951
  2.60125
  1.97082
  2.19324
  0.119722
  -0.116402
  0.321749
  2.5111
  1.86135
  1.73082
  1.53518
  0.853971
  0.607858
  -0.100574
  -0.420367
  -0.959612
  0.745088
  0.809337
  0.754413
  3.04703
  1.8806
  0.791914
  0.332354
  0.347152
  0.00898969
  -0.0785611
  0.586958
  -1.35173
  -0.488997
  -0.053866
  0.101664
  1.01095
  1.55724
  1.02961
  -0.60606
  0.1899
  0.0822375
  -0.590722
  1.47314
  0.170943
  1.1616
  0.18118
  0.780248
  -0.152255
  -0.49143
  1.2457
  -1.38632
  0.236931
  1.48519
  1.21389
  0.967353
  0.238497
  -0.434462
  1.22798
  0.0227622
  2.19817
  0.424815
