  0.342633
  -0.725368
  0.267241
  1.66639
  0.734277
  1.35213
  1.71746
  2.72397
  1.4865
  1.60407
  -0.246093
  -0.0567226
  -0.0149843
  -0.487888
  0.201883
  -0.500289
  0.362549
  1.113
  0.727565
  0.471957
  0.0518525
  -1.42613
  0.226321
  0.455703
  0.176496
  1.91123
  2.65852
  3.40855
  3.42786
  3.45577
  2.0761
  1.98837
  0.883064
  0.164422
  1.13417
  -0.62322
  -0.196432
  -0.0833794
  -1.25032
  -1.21307
  -1.57587
  -2.03177
  -1.66042
  -0.312052
  -1.27441
  0.98491
  1.85011
  2.51254
  0.801165
  2.07795
  3.251
  2.05993
  3.27094
  2.01562
  2.93395
  3.82168
  3.12399
  2.84802
  3.09579
  2.33574
  2.59868
  3.00054
  2.29025
  4.06053
  4.30515
  5.11214
  7.24598
  6.22264
  7.88097
  6.13989
  4.7065
  4.46951
  2.96918
  2.89422
  3.51342
  3.68031
  5.05395
  4.22444
  4.94487
  4.92341
  4.26712
  6.41564
  7.44122
  6.28008
  6.16687
  4.71075
  3.02072
  2.65235
  2.99622
  3.86705
  3.21042
  3.14209
  3.7509
  5.05457
  5.05142
  5.33915
  6.99071
  6.44193
  7.1572
  7.83179
  6.51809
  6.47503
  7.04027
  6.75083
  4.39939
  3.6801
  4.98283
  5.5947
  4.1293
  1.64943
  1.76512
  -0.110384
  -0.812782
  0.284807
  0.984251
  0.092573
  -0.302966
  -1.31115
  -1.63256
  -0.925381
  -0.319849
  0.990707
  1.397
  1.24719
  0.443575
  -0.078214
  -0.432408
  -0.0113989
