  -0.50751
  -0.169016
  -1.31375
  0.284914
  0.0803071
  -0.0794905
  -0.620624
  -0.409254
  -0.101698
  0.279811
  0.545381
  1.14589
  1.88299
  0.814223
  0.732505
  0.785008
  -0.164977
  0.179571
  0.14732
  -0.353941
  -0.196369
  0.214801
  -0.482636
  -1.27962
  -0.503939
  -0.660937
  -0.197697
  -1.22639
  -0.926852
  1.40129
  2.18312
  2.07457
  1.90278
  1.98456
  2.18889
  2.71978
  1.03482
  0.486212
  0.456279
  -0.467343
  -0.17216
  1.29034
  -0.384719
  -0.2254
  0.370804
  0.768692
  0.627469
  -0.278306
  1.85926
  2.8465
  1.67007
  1.14905
  0.808211
  -0.574568
  -0.858665
  -4.71315e-05
  0.384223
  -0.799505
  0.71944
  1.18261
  0.422509
  -0.250607
  1.56801
  1.57213
  2.04124
  1.06818
  1.36754
  -0.611413
  -0.952673
  -1.68574
  -2.4145
  -0.485581
  -1.06861
  0.954004
  0.740511
  1.02937
  0.199293
  -0.738401
  -0.552896
  -0.328356
  1.46542
  0.832605
  1.74723
  2.54439
  3.91903
  0.53517
  -0.497392
  -0.896035
  0.0564008
  1.3322
  1.47812
  2.15922
  1.89408
  2.24124
  2.04323
  0.952925
  0.687137
  -0.201117
  -0.0581442
  1.36639
  1.52179
  1.3495
  1.30418
  2.25784
  0.961915
  2.24373
  1.36972
  2.86077
  3.54196
  4.55493
  2.17757
  1.93076
  2.92632
  2.16235
  3.17069
  1.56197
  2.38721
  2.73715
  1.56189
  2.55251
  2.84771
  2.25926
  2.12751
  2.8786
  2.60774
  2.822
  2.97673
  1.91329
